Using defaults initial nominal = 100.0, noise = 5.0
For other settings use java Simulation <nom> <noise>
 100.00 (100.0):  0.0
 100.11 (101.0): -0.9
 103.30 (102.0):  1.3
  96.32 (101.0): -4.7
  94.31 (100.0): -5.7
  97.64 (101.0): -3.4
  96.63 (102.0): -5.4
 109.53 (101.0):  8.5
  95.16 (100.0): -4.8
  95.71 (101.0): -5.3
 100.34 (102.0): -1.7
 112.13 (103.0):  9.1
  98.75 (104.0): -5.2
 107.70 (105.0):  2.7
 108.48 (104.0):  4.5
 110.11 (105.0):  5.1
  98.16 (104.0): -5.8
 103.38 (103.0):  0.4
  95.91 (102.0): -6.1
 107.88 (103.0):  4.9
  99.83 (104.0): -4.2
 106.66 (105.0):  1.7
 107.64 (104.0):  3.6
 108.04 (105.0):  3.0
 108.63 (106.0):  2.6
 103.76 (105.0): -1.2
 105.46 (104.0):  1.5
 101.07 (103.0): -1.9
 104.12 (104.0):  0.1
 109.50 (103.0):  6.5
 109.25 (104.0):  5.3
  95.69 (103.0): -7.3
 106.52 (102.0):  4.5
  99.12 (103.0): -3.9
 104.49 (104.0):  0.5
 107.76 (105.0):  2.8
 102.75 (104.0): -1.2
 106.24 (103.0):  3.2
 105.00 (102.0):  3.0
 104.29 (101.0):  3.3
  97.96 (100.0): -2.0
 110.13 (101.0):  9.1
  95.89 (100.0): -4.1
 101.70 ( 99.0):  2.7
  96.84 (100.0): -3.2
  92.02 (101.0): -9.0
 109.89 (100.0):  9.9
  99.54 (101.0): -1.5
 101.21 (100.0):  1.2
  96.16 ( 99.0): -2.8
  99.19 (100.0): -0.8
 103.51 (101.0):  2.5
 200.00 (102.0): 98.0
 200.00 (103.0): 97.0
 200.00 (102.0): 98.0
 200.00 (101.0): 99.0
 200.00 (100.0): 100.0
 200.00 ( 99.0): 101.0
 200.00 (100.0): 100.0
 200.00 ( 99.0): 101.0
 200.00 (100.0): 100.0
 200.00 (101.0): 99.0
 200.00 (102.0): 98.0
 200.00 (101.0): 99.0
 200.00 (102.0): 98.0
 200.00 (101.0): 99.0
 200.00 (100.0): 100.0
 200.00 ( 99.0): 101.0
 200.00 (100.0): 100.0
 200.00 (101.0): 99.0
 101.88 (100.0):  1.9
  93.76 ( 99.0): -5.2
  95.16 ( 98.0): -2.8
 101.56 ( 99.0):  2.6
  94.84 ( 98.0): -3.2
 102.95 ( 99.0):  4.0
  92.38 (100.0): -7.6
 105.77 ( 99.0):  6.8
  95.25 ( 98.0): -2.7
 104.08 ( 99.0):  5.1
