Using defaults initial nominal = 100.0, noise = 5.0
For other settings use java Simulation <nom> <noise>
 100.00 (100.0):  0.0
  97.65 ( 99.0): -1.4
 101.10 ( 98.0):  3.1
  95.59 ( 99.0): -3.4
  96.83 (100.0): -3.2
 100.87 (101.0): -0.1
  96.60 (100.0): -3.4
  94.41 ( 99.0): -4.6
  99.64 (100.0): -0.4
  93.11 ( 99.0): -5.9
  96.34 ( 98.0): -1.7
 104.65 ( 97.0):  7.7
  95.56 ( 98.0): -2.4
 104.01 ( 97.0):  7.0
 100.20 ( 98.0):  2.2
  95.69 ( 99.0): -3.3
 103.41 (100.0):  3.4
  99.99 (101.0): -1.0
 104.08 (100.0):  4.1
 100.52 ( 99.0):  1.5
  91.47 (100.0): -8.5
  93.60 ( 99.0): -5.4
 104.08 ( 98.0):  6.1
 101.22 ( 97.0):  4.2
  86.17 ( 98.0): -11.8
  99.13 ( 99.0):  0.1
  96.67 (100.0): -3.3
  96.22 (101.0): -4.8
  98.70 (100.0): -1.3
  99.76 ( 99.0):  0.8
 106.82 (100.0):  6.8
  92.35 (101.0): -8.7
  98.35 (100.0): -1.7
  97.02 (101.0): -4.0
 100.12 (100.0):  0.1
  95.36 (101.0): -5.6
 103.57 (102.0):  1.6
 104.14 (101.0):  3.1
 108.88 (102.0):  6.9
 103.30 (101.0):  2.3
  96.60 (100.0): -3.4
  97.32 ( 99.0): -1.7
 103.95 (100.0):  3.9
 111.02 (101.0): 10.0
  96.25 (100.0): -3.8
  99.16 (101.0): -1.8
 106.18 (100.0):  6.2
 102.99 ( 99.0):  4.0
  97.59 ( 98.0): -0.4
 102.79 ( 99.0):  3.8
 106.82 (100.0):  6.8
  91.12 (101.0): -9.9
 104.26 (100.0):  4.3
 103.88 (101.0):  2.9
 103.81 (102.0):  1.8
 114.02 (103.0): 11.0
 106.97 (102.0):  5.0
  99.22 (103.0): -3.8
 108.04 (102.0):  6.0
 100.08 (103.0): -2.9
  98.04 (102.0): -4.0
